三个作业在同一个页面上写，分别写三个按钮 

第一个作业：
	99乘法表


第二个作业：
	冒泡排序         手写一个数组[43,31,321,43245,7657,561,321,23]    显示原来的数组和排序的数组    

第三个作业：
	杨辉三角   
	1
        1   1   
        1   2   1   
        1   3   3   1   
        1   4   6   4   1   
        1   5   10  10  5   1   
        1   6   15  20  15  6   1   
        1   7   21  35  35  21  7   1   
        1   8   28  56  70  56  28  8   1   
        1   9   36  84  126 126 84  36  9   1   
        1   10  45  120 210 252 210 120 45  10  1   
        1   11  55  165 330 462 462 330 165 55  11  1 
	打印的时候不需要写成等腰三角形 ,可以传入行数，传几就是显示几行,推荐使用二维数组。